A = [-0.808920   1.357369   1.180861  -0.504544   1.762637  -0.703285 1.696966   0.620571  -0.151093  -0.100235  -0.872382  -0.403579 -0.860749  -0.382648  -1.052338   0.128113  -0.646269   1.093377  -2.209198   0.471706   0.408901   1.266242   0.598252   1.176827  -0.203421   0.213596  -0.851964  -0.466958   0.021841  -0.698938  -0.604107   0.461778  -0.318219   0.942520   0.577585   0.417619   0.614665   0.563679  -1.295073  -0.764437   0.952194  -0.859222  -0.618554  -2.268542  -1.210592   1.655853  -2.627219  -0.994249  -1.374704   0.343799   0.025619   1.227481  -0.708031   0.069355  -1.845228  -1.570886   1.010668  -1.802084   1.630088   1.286090  -0.161050  -0.940794   0.367961   0.291907];

B = [
   0.933724   0.046881   1.316470   0.438345   0.332682   2.094885   0.512081   0.035546   0.050894  -2.320371   0.168711  -1.830493  -0.444834  -1.003242  -0.531494  -1.365600  -0.155420  -0.757692  -0.431880  -0.380021   0.096243  -0.695835   0.558850  -1.648962   0.020369  -0.363630   0.887146   0.845503  -0.252864  -0.330397   1.269131  -1.109295  -1.027876   0.135940   0.116721  -0.293399  -1.349799   0.166078  -0.802201   0.369367  -0.964568  -2.266011   0.465178   0.651222  -0.325426   0.320245  -0.784178  -0.579456   0.093374   0.604778  -0.048225   0.376297  -0.394412   0.578182  -1.218141  -1.387326   0.692462  -0.631297   0.153137  -0.638952  0.635474   -0.970468  1.334057  -0.111370];